Burnaby Campus
+------+----------------------+--------+---------+--------+---------+
| Rank | Author               | Added  | Deleted | Actual | Commits |
+------+----------------------+--------+---------+--------+---------+
| 1    | sukhrajsandhar       | +55615 | -35113  | 20502  | 28      |
| 2    | Sydnethy             | +15223 | -331    | 14892  | 8       |
| 3    | RodrickVy            | +8501  | -165    | 8336   | 5       |
| 4    | calih33              | +4815  | -2056   | 2759   | 22      |
| 5    | 3levate              | +3941  | -915    | 3026   | 19      |
| 6    | arshiaadamian        | +3834  | -2250   | 1584   | 26      |
| 7    | knighthawk4227       | +3321  | -1558   | 1763   | 22      |
| 8    | Just-Iced            | +3226  | -2984   | 242    | 31      |
| 9    | ZihengZhaoJerry      | +3077  | -1630   | 1447   | 21      |
| 10   | SowinskiBraeden      | +3043  | -669    | 2374   | 16      |
| 11   | Jacob-Lebl-BCIT      | +2746  | -146    | 2600   | 12      |
| 12   | MeikoMei16           | +2374  | -1501   | 873    | 16      |
| 13   | TaylorHillier        | +2349  | -367    | 1982   | 15      |
| 14   | YehorSkudilov        | +2057  | -1100   | 957    | 26      |
| 15   | minkaze              | +1786  | -759    | 1027   | 11      |
| 16   | samuelpita           | +1769  | -1081   | 688    | 10      |
| 17   | luis-Saberon         | +1512  | -115    | 1397   | 10      |
| 18   | useluss-dev          | +1492  | -386    | 1106   | 12      |
| 19   | cubeo77              | +1372  | -438    | 934    | 12      |
| 20   | leeken3              | +1344  | -295    | 1049   | 7       |
| 21   | ffloras              | +1332  | -590    | 742    | 17      |
| 22   | justinxyu1128        | +1304  | -335    | 969    | 13      |
| 23   | chellJ               | +1067  | -296    | 771    | 12      |
| 24   | JoaquinPar           | +1063  | -729    | 334    | 17      |
| 25   | Esin580              | +1008  | -369    | 639    | 6       |
| 26   | Dartleader1          | +1005  | -453    | 552    | 22      |
| 27   | Tlpadilla18          | +956   | -226    | 730    | 6       |
| 28   | anajnsilva           | +952   | -102    | 850    | 12      |
| 29   | prabhguron           | +951   | -309    | 642    | 6       |
| 30   | dodaniel006          | +933   | -621    | 312    | 21      |
| 31   | WynnLe12             | +887   | -602    | 285    | 9       |
| 32   | Choyces              | +850   | -819    | 31     | 6       |
| 33   | trey1212             | +826   | -450    | 376    | 10      |
| 34   | Glonkz               | +807   | -273    | 534    | 12      |
| 35   | Abdullah-ALASMY      | +767   | -128    | 639    | 6       |
| 36   | cheecharoo           | +761   | -216    | 545    | 14      |
| 37   | ShivaunBartoo        | +671   | -180    | 491    | 7       |
| 38   | asingh866            | +663   | -196    | 467    | 7       |
| 39   | berenice0909         | +643   | -142    | 501    | 6       |
| 40   | sonboiii             | +620   | -88     | 532    | 7       |
| 41   | NazaninMM            | +601   | -118    | 483    | 7       |
| 42   | cnguyen50            | +592   | -215    | 377    | 17      |
| 43   | EquivocalBlaze       | +558   | -90     | 468    | 7       |
| 44   | Dash951              | +546   | -189    | 357    | 7       |
| 45   | Livjot-BCIT          | +537   | -1      | 536    | 2       |
| 46   | kakepe               | +528   | -34     | 494    | 2       |
| 47   | TirathJaggee         | +518   | -143    | 375    | 7       |
| 48   | isabjc               | +508   | -37     | 471    | 6       |
| 49   | SolankiSiddharthsinh | +496   | -200    | 296    | 5       |
| 50   | Kalephe              | +487   | -42     | 445    | 6       |
| 51   | Dmartinez-van        | +483   | -77     | 406    | 6       |
| 52   | TacoZilla            | +442   | -5      | 437    | 6       |
| 53   | Likeemapples         | +433   | -134    | 299    | 9       |
| 54   | rodrigo-aaron        | +419   | -213    | 206    | 4       |
| 55   | adilascio            | +409   | -12     | 397    | 7       |
| 56   | Leensey              | +375   | -195    | 180    | 10      |
| 57   | amangrewal10         | +321   | -1      | 320    | 6       |
| 58   | leslievhier          | +318   | -182    | 136    | 4       |
| 59   | kevarome             | +295   | -3      | 292    | 4       |
| 60   | QianZ666             | +293   | -8      | 285    | 5       |
| 61   | AlexanderFisher-tech | +282   | -19     | 263    | 7       |
| 62   | ahmadkhalil7         | +279   | -3      | 276    | 3       |
| 63   | RayenBMoussa         | +272   | -54     | 218    | 9       |
| 64   | Camron628            | +272   | -164    | 108    | 8       |
| 65   | NikR-Os              | +271   | -13     | 258    | 8       |
| 66   | dnlsvdr              | +268   | -54     | 214    | 3       |
| 67   | Trishaancodes        | +261   | -3      | 258    | 9       |
| 68   | leekail1994          | +253   | -33     | 220    | 9       |
| 69   | westudioss           | +245   | -53     | 192    | 6       |
| 70   | annoyingcoder174     | +241   | -46     | 195    | 4       |
| 71   | Verokeli             | +237   | -28     | 209    | 7       |
| 72   | hari-s-p             | +219   | -37     | 182    | 6       |
| 73   | Vfxnature            | +212   | -259    | -47    | 10      |
| 74   | cmorris49            | +206   | -46     | 160    | 8       |
| 75   | indyg01              | +204   | -24     | 180    | 6       |
| 76   | MarvinYeung          | +202   | -2      | 200    | 2       |
| 77   | harshaanBCIT         | +183   | -1      | 182    | 1       |
| 78   | totemedel            | +174   | -40     | 134    | 7       |
| 79   | nicoagostini         | +170   | -76     | 94     | 6       |
| 80   | mskim9097            | +148   | -4      | 144    | 5       |
| 81   | gagan215             | +146   | -8      | 138    | 3       |
| 82   | hyelim2100           | +89    | -24     | 65     | 4       |
| 83   | Indigomist           | +69    | -2      | 67     | 2       |
| 84   | summit4              | +55    | -29     | 26     | 2       |
| 85   | BaltajP06            | +39    | -0      | 39     | 1       |
| 86   | ndizo                | +22    | -2      | 20     | 4       |
| 87   | enand2025            | +11    | -2      | 9      | 2       |
| 88   | H8GEL                | +7     | -3      | 4      | 4       |
| 89   | aarushisharma1110    | +4     | -4      | 0      | 4       |
| 90   | LikeEm-Apples        | +4     | -0      | 4      | 1       |
| 91   | emphs                | +2     | -1      | 1      | 2       |
| 92   | CALVINC-bcit         | +2     | -0      | 2      | 1       |
| 93   | KirilT-18            | +2     | -2      | 0      | 3       |
| 94   | Hali-Negi            | +1     | -1      | 0      | 1       |
| 95   | KokoseiJ             | +1     | -2      | -1     | 2       |
+------+----------------------+--------+---------+--------+---------+

Downtown Campus
+------+-----------------------+--------+---------+--------+---------+
| Rank | Author                | Added  | Deleted | Actual | Commits |
+------+-----------------------+--------+---------+--------+---------+
| 1    | andacg1               | +28368 | -4778   | 23590  | 44      |
| 2    | snoopryees            | +3306  | -1660   | 1646   | 14      |
| 3    | tushitgrg             | +2700  | -622    | 2078   | 17      |
| 4    | MasonYoung24          | +2280  | -1356   | 924    | 54      |
| 5    | lechiben              | +2155  | -1109   | 1046   | 17      |
| 6    | senukzzzzz            | +1822  | -372    | 1450   | 7       |
| 7    | the-scholiast         | +1809  | -1098   | 711    | 24      |
| 8    | ttrinh0               | +1766  | -369    | 1397   | 30      |
| 9    | CCY-0124              | +1657  | -239    | 1418   | 18      |
| 10   | gurpreetsingh9414     | +1441  | -711    | 730    | 10      |
| 11   | dcao1205              | +1159  | -580    | 579    | 11      |
| 12   | go-gitbread           | +1126  | -864    | 262    | 26      |
| 13   | wandereryiu           | +853   | -465    | 388    | 13      |
| 14   | asazinator            | +819   | -190    | 629    | 9       |
| 15   | courtneylum           | +760   | -149    | 611    | 27      |
| 16   | Choudoufuhezi         | +716   | -188    | 528    | 16      |
| 17   | klockwork3            | +708   | -43     | 665    | 25      |
| 18   | ivanekavalashvili     | +664   | -80     | 584    | 9       |
| 19   | falconnor4            | +538   | -62     | 476    | 9       |
| 20   | kowalbcit             | +446   | -83     | 363    | 9       |
| 21   | Mahyar-Golestanpour   | +445   | -145    | 300    | 11      |
| 22   | Ritchotte             | +440   | -338    | 102    | 6       |
| 23   | xxderek               | +421   | -37     | 384    | 5       |
| 24   | StanislavRudenkoko    | +420   | -126    | 294    | 13      |
| 25   | Kookie-rose           | +403   | -86     | 317    | 13      |
| 26   | anthonyherradura      | +366   | -8      | 358    | 7       |
| 27   | Fossa88               | +329   | -221    | 108    | 8       |
| 28   | JoNoToPo              | +326   | -137    | 189    | 18      |
| 29   | Playurge              | +285   | -121    | 164    | 13      |
| 30   | achepakovich          | +241   | -29     | 212    | 8       |
| 31   | nmushir               | +227   | -46     | 181    | 3       |
| 32   | bdberge               | +191   | -86     | 105    | 13      |
| 33   | lawr-lau16            | +144   | -0      | 144    | 1       |
| 34   | ttyw24                | +144   | -0      | 144    | 1       |
| 35   | bberryw31             | +135   | -135    | 0      | 10      |
| 36   | Shokisnipes           | +61    | -1      | 60     | 3       |
| 37   | afuntsev1             | +46    | -6      | 40     | 2       |
| 38   | rockoac5              | +40    | -9      | 31     | 2       |
| 39   | Benjaminyoungiscoding | +14    | -5      | 9      | 1       |
| 40   | QuinnDM               | +1     | -1      | 0      | 1       |
| 41   | joshxkanashi          | +1     | -1      | 0      | 1       |
+------+-----------------------+--------+---------+--------+---------+

