Set A
+------+-------------------+---------+-------+---------+--------+
| Rank | Author            | Commits | Added | Deleted | Actual |
+------+-------------------+---------+-------+---------+--------+
| 1    | 3levate           | 19      | +3941 | -915    | 3026   |
| 2    | YehorSkudilov     | 26      | +2057 | -1100   | 957    |
| 3    | cubeo77           | 12      | +1372 | -438    | 934    |
| 4    | chellJ            | 12      | +1067 | -296    | 771    |
| 5    | Esin580           | 6       | +1008 | -369    | 639    |
| 6    | dodaniel006       | 20      | +843  | -604    | 239    |
| 7    | asingh866         | 6       | +486  | -76     | 410    |
| 8    | Dmartinez-van     | 6       | +483  | -77     | 406    |
| 9    | berenice0909      | 5       | +449  | -15     | 434    |
| 10   | ZihengZhaoJerry   | 12      | +440  | -96     | 344    |
| 11   | Likeemapples      | 9       | +433  | -134    | 299    |
| 12   | RayenBMoussa      | 9       | +272  | -54     | 218    |
| 13   | NikR-Os           | 8       | +271  | -13     | 258    |
| 14   | leekail1994       | 9       | +253  | -33     | 220    |
| 15   | hari-s-p          | 6       | +219  | -37     | 182    |
| 16   | totemedel         | 7       | +174  | -40     | 134    |
| 17   | cmorris49         | 6       | +154  | -7      | 147    |
| 18   | mskim9097         | 5       | +148  | -4      | 144    |
| 19   | Vfxnature         | 9       | +121  | -259    | -138   |
| 20   | Indigomist        | 2       | +69   | -2      | 67     |
| 21   | ndizo             | 4       | +22   | -2      | 20     |
| 22   | H8GEL             | 4       | +7    | -3      | 4      |
| 23   | aarushisharma1110 | 4       | +4    | -4      | 0      |
| 24   | LikeEm-Apples     | 1       | +4    | -0      | 4      |
| 25   | Hali-Negi         | 1       | +1    | -1      | 0      |
+------+-------------------+---------+-------+---------+--------+

Set B
+------+-----------------+---------+--------+---------+--------+
| Rank | Author          | Commits | Added  | Deleted | Actual |
+------+-----------------+---------+--------+---------+--------+
| 1    | sukhrajsandhar  | 26      | +37589 | -17552  | 20037  |
| 2    | Sydnethy        | 7       | +11436 | -326    | 11110  |
| 3    | RodrickVy       | 5       | +8501  | -165    | 8336   |
| 4    | calih33         | 22      | +4815  | -2056   | 2759   |
| 5    | arshiaadamian   | 25      | +3787  | -2245   | 1542   |
| 6    | Just-Iced       | 28      | +3197  | -2967   | 230    |
| 7    | leeken3         | 7       | +1344  | -295    | 1049   |
| 8    | Dartleader1     | 22      | +1005  | -453    | 552    |
| 9    | prabhguron      | 6       | +951   | -309    | 642    |
| 10   | Choyces         | 6       | +850   | -819    | 31     |
| 11   | Abdullah-ALASMY | 6       | +767   | -128    | 639    |
| 12   | Dash951         | 9       | +619   | -193    | 426    |
| 13   | cheecharoo      | 13      | +574   | -202    | 372    |
| 14   | kevarome        | 4       | +295   | -3      | 292    |
| 15   | QianZ666        | 5       | +293   | -8      | 285    |
| 16   | ahmadkhalil7    | 3       | +279   | -3      | 276    |
| 17   | dnlsvdr         | 3       | +268   | -54     | 214    |
| 18   | westudioss      | 6       | +245   | -53     | 192    |
| 19   | adilascio       | 6       | +244   | -10     | 234    |
| 20   | indyg01         | 6       | +204   | -24     | 180    |
| 21   | MarvinYeung     | 2       | +202   | -2      | 200    |
| 22   | gagan215        | 3       | +146   | -8      | 138    |
| 23   | BaltajP06       | 1       | +39    | -0      | 39     |
| 24   | enand2025       | 2       | +11    | -2      | 9      |
| 25   | KokoseiJ        | 2       | +1     | -2      | -1     |
+------+-----------------+---------+--------+---------+--------+

Set C
+------+----------------------+---------+-------+---------+--------+
| Rank | Author               | Commits | Added | Deleted | Actual |
+------+----------------------+---------+-------+---------+--------+
| 1    | Jacob-Lebl-BCIT      | 12      | +2746 | -146    | 2600   |
| 2    | MeikoMei16           | 16      | +2374 | -1501   | 873    |
| 3    | TaylorHillier        | 15      | +2349 | -367    | 1982   |
| 4    | samuelpita           | 10      | +1769 | -1081   | 688    |
| 5    | useluss-dev          | 12      | +1492 | -386    | 1106   |
| 6    | Glonkz               | 11      | +663  | -102    | 561    |
| 7    | sonboiii             | 7       | +620  | -88     | 532    |
| 8    | Livjot-BCIT          | 2       | +537  | -1      | 536    |
| 9    | SolankiSiddharthsinh | 5       | +496  | -200    | 296    |
| 10   | trey1212             | 7       | +488  | -245    | 243    |
| 11   | cnguyen50            | 13      | +423  | -93     | 330    |
| 12   | rodrigo-aaron        | 4       | +419  | -213    | 206    |
| 13   | Leensey              | 8       | +312  | -187    | 125    |
| 14   | NazaninMM            | 6       | +286  | -101    | 185    |
| 15   | annoyingcoder174     | 4       | +241  | -46     | 195    |
| 16   | Verokeli             | 7       | +237  | -28     | 209    |
| 17   | harshaanBCIT         | 1       | +183  | -1      | 182    |
| 18   | hyelim2100           | 4       | +89   | -24     | 65     |
| 19   | summit4              | 2       | +55   | -29     | 26     |
| 20   | leslievhier          | 3       | +36   | -5      | 31     |
| 21   | emphs                | 2       | +2    | -1      | 1      |
| 22   | CALVINC-bcit         | 1       | +2    | -0      | 2      |
+------+----------------------+---------+-------+---------+--------+

Set D
+------+----------------------+---------+-------+---------+--------+
| Rank | Author               | Commits | Added | Deleted | Actual |
+------+----------------------+---------+-------+---------+--------+
| 1    | knighthawk4227       | 21      | +3242 | -1547   | 1695   |
| 2    | SowinskiBraeden      | 16      | +3043 | -669    | 2374   |
| 3    | minkaze              | 11      | +1786 | -759    | 1027   |
| 4    | luis-Saberon         | 10      | +1512 | -115    | 1397   |
| 5    | ffloras              | 17      | +1332 | -590    | 742    |
| 6    | justinxyu1128        | 13      | +1304 | -335    | 969    |
| 7    | JoaquinPar           | 17      | +1063 | -729    | 334    |
| 8    | Tlpadilla18          | 6       | +956  | -226    | 730    |
| 9    | WynnLe12             | 9       | +887  | -602    | 285    |
| 10   | anajnsilva           | 9       | +861  | -77     | 784    |
| 11   | ShivaunBartoo        | 7       | +671  | -180    | 491    |
| 12   | EquivocalBlaze       | 7       | +558  | -90     | 468    |
| 13   | kakepe               | 2       | +528  | -34     | 494    |
| 14   | TirathJaggee         | 7       | +518  | -143    | 375    |
| 15   | isabjc               | 6       | +508  | -37     | 471    |
| 16   | Kalephe              | 6       | +487  | -42     | 445    |
| 17   | TacoZilla            | 6       | +442  | -5      | 437    |
| 18   | amangrewal10         | 6       | +321  | -1      | 320    |
| 19   | AlexanderFisher-tech | 7       | +282  | -19     | 263    |
| 20   | Trishaancodes        | 9       | +261  | -3      | 258    |
| 21   | nicoagostini         | 6       | +170  | -76     | 94     |
| 22   | Camron628            | 5       | +72   | -3      | 69     |
| 23   | KirilT-18            | 3       | +2    | -2      | 0      |
+------+----------------------+---------+-------+---------+--------+

Set E
+------+--------------------+---------+-------+---------+--------+
| Rank | Author             | Commits | Added | Deleted | Actual |
+------+--------------------+---------+-------+---------+--------+
| 1    | tushitgrg          | 17      | +2700 | -622    | 2078   |
| 2    | MasonYoung24       | 50      | +2208 | -1342   | 866    |
| 3    | lechiben           | 17      | +2155 | -1109   | 1046   |
| 4    | the-scholiast      | 24      | +1809 | -1098   | 711    |
| 5    | ttrinh0            | 29      | +1765 | -366    | 1399   |
| 6    | CCY-0124           | 18      | +1657 | -239    | 1418   |
| 7    | gurpreetsingh9414  | 10      | +1441 | -711    | 730    |
| 8    | dcao1205           | 11      | +1159 | -580    | 579    |
| 9    | go-gitbread        | 24      | +964  | -759    | 205    |
| 10   | asazinator         | 9       | +819  | -190    | 629    |
| 11   | courtneylum        | 27      | +760  | -149    | 611    |
| 12   | klockwork3         | 25      | +708  | -43     | 665    |
| 13   | xxderek            | 5       | +421  | -37     | 384    |
| 14   | StanislavRudenkoko | 10      | +310  | -88     | 222    |
| 15   | Ritchotte          | 4       | +265  | -259    | 6      |
| 16   | achepakovich       | 8       | +241  | -29     | 212    |
| 17   | nmushir            | 3       | +227  | -46     | 181    |
| 18   | lawr-lau16         | 1       | +144  | -0      | 144    |
| 19   | ttyw24             | 1       | +144  | -0      | 144    |
| 20   | Shokisnipes        | 3       | +61   | -1      | 60     |
| 21   | rockoac5           | 2       | +40   | -9      | 31     |
| 22   | QuinnDM            | 1       | +1    | -1      | 0      |
| 23   | joshxkanashi       | 1       | +1    | -1      | 0      |
+------+--------------------+---------+-------+---------+--------+

Set F
+------+-----------------------+---------+--------+---------+--------+
| Rank | Author                | Commits | Added  | Deleted | Actual |
+------+-----------------------+---------+--------+---------+--------+
| 1    | andacg1               | 43      | +28281 | -4757   | 23524  |
| 2    | snoopryees            | 11      | +1977  | -1002   | 975    |
| 3    | senukzzzzz            | 7       | +1822  | -372    | 1450   |
| 4    | wandereryiu           | 13      | +853   | -465    | 388    |
| 5    | Choudoufuhezi         | 16      | +716   | -188    | 528    |
| 6    | ivanekavalashvili     | 9       | +664   | -80     | 584    |
| 7    | falconnor4            | 9       | +538   | -62     | 476    |
| 8    | kowalbcit             | 9       | +446   | -83     | 363    |
| 9    | Mahyar-Golestanpour   | 11      | +445   | -145    | 300    |
| 10   | Kookie-rose           | 13      | +403   | -86     | 317    |
| 11   | anthonyherradura      | 7       | +366   | -8      | 358    |
| 12   | Fossa88               | 8       | +329   | -221    | 108    |
| 13   | JoNoToPo              | 18      | +326   | -137    | 189    |
| 14   | Playurge              | 13      | +285   | -121    | 164    |
| 15   | bdberge               | 13      | +191   | -86     | 105    |
| 16   | bberryw31             | 10      | +135   | -135    | 0      |
| 17   | afuntsev1             | 2       | +46    | -6      | 40     |
| 18   | Benjaminyoungiscoding | 1       | +14    | -5      | 9      |
+------+-----------------------+---------+--------+---------+--------+

